a) 1 hora
TEMPOS: 38, 49, 47, 36, 39, 46, 48, 50, 35, 57, 37, 58, 51, 60, 59, 56, 55, 45, 40, 41, 52, 53
PROPORÇÕES: 22 / 8910 = 0.24%

b) 2 horas
TEMPOS: 38, 69, 46, 58, 47, 70, 39, 71, 36, 88, 68, 48, 103, 67, 81, 45, 37, 80, 59, 99, 49, 61, 50, 60, 100, 62, 101, 35, 40, 110, 91, 102, 90, 77, 113, 79, 83, 57, 72, 87, 111, 78, 104, 55, 56, 97, 93, 89, 82, 51, 120, 92, 98, 52, 76, 85, 112, 73, 119, 115, 66, 109, 96, 118, 86, 108, 41, 107, 63
PROPORÇÕES: 69 / 5091 = 1.35%

c) 3 horas
TEMPOS: 38, 77, 66, 47, 35, 49, 57, 56, 48, 78, 80, 59, 103, 37, 51, 82, 69, 46, 121, 131, 89, 58, 70, 100, 50, 79, 39, 61, 63, 120, 111, 67, 104, 36, 90, 62, 68, 81, 93, 91, 94, 60, 55, 83, 113, 88, 45, 124, 87, 101, 129, 109, 126, 72, 123, 99, 85, 110, 134, 112, 71, 108, 130, 136, 144, 106, 98, 92, 97, 179, 40, 132, 117, 135, 76, 160, 133, 107, 118, 65, 102, 139, 114, 84, 155, 143, 122, 141, 125, 167, 75, 105, 161
PROPORÇÕES: 93 / 3625 = 2.56%

d) 6 horas
TEMPOS: 38, 79, 39, 49, 37, 116, 68, 58, 36, 46, 60, 48, 71, 69, 59, 57, 47, 45, 70, 109, 136, 90, 89, 67, 35, 80, 61, 103, 99, 78, 126, 50, 81, 100, 77, 113, 62, 92, 83, 91, 112, 111, 125, 169, 124, 56, 175, 63, 155, 122, 84, 144, 51, 110, 140, 66, 55, 72, 88, 131, 98, 101, 93, 134, 40, 87, 128, 143, 130, 168, 114, 119
PROPORÇÕES: 72 / 1903 = 3.78%

e) Podemos concluir que quanto maior o tempo aceito, maior será as chances do bêbado chegar em casa. Colocando as proporções num gráfico, temos um gráfico crescente, bem parecido com uma reta